Map from character to field name
A:	AL
B:	AR
C:	AZ
D:	Argentina
E:	Brazil
F:	British-Virgin-Islands
G:	CA
H:	CO
I:	CT
J:	Colombia
K:	DC
L:	FL
M:	GA
N:	IA
O:	ID
P:	IL
Q:	IN
R:	Israel
S:	KS
T:	KY
U:	LA
V:	MA
W:	MD
X:	MI
Y:	MN
Z:	MO
[:	MS
\:	MT
]:	Mexico
^:	NC
_:	ND
`:	NE
a:	NJ
b:	NM
c:	NV
d:	NY
e:	OH
f:	OK
g:	PA
h:	SD
i:	TN
j:	TX
k:	UT
l:	VA
m:	WA
n:	WI
o:	WY
p:	?


Substitution rate (mu): 71.608223

Equilibrium frequencies (pi_i):
  A: 0.0212
  B: 0.0218
  C: 0.0118
  D: 0.0275
  E: 0.0317
  F: 0.0275
  G: 0.0404
  H: 0.0117
  I: 0.0064
  J: 0.031
  K: 0.026
  L: 0.0286
  M: 0.0126
  N: 0.0275
  O: 0.0281
  P: 0.0097
  Q: 0.0275
  R: 0.0275
  S: 0.0228
  T: 0.0224
  U: 0.0246
  V: 0.0247
  W: 0.0162
  X: 0.0181
  Y: 0.0135
  Z: 0.0233
  [: 0.02
  \: 0.0168
  ]: 0.0222
  ^: 0.0158
  _: 0.0213
  `: 0.02
  a: 0.0183
  b: 0.0299
  c: 0.0202
  d: 0.0085
  e: 0.0142
  f: 0.0223
  g: 0.0189
  h: 0.0149
  i: 0.0246
  j: 0.0079
  k: 0.0318
  l: 0.0117
  m: 0.0325
  n: 0.0136
  o: 0.0309

Symmetrized rates from j->i (W_ij):
	A	B	C	D	E	F	G	H	I	J	K	L	M	N	O	P	Q	R	S	T	U	V	W	X	Y	Z	[	\	]	^	_	`	a	b	c	d	e	f	g	h	i	j	k	l	m	n	o
  A	0	0.9401	0.9394	0.9401	0.9401	0.9401	0.9255	0.9394	1.4063	0.9401	0.9399	0.9401	1.4097	0.9401	0.94	0.9398	0.9401	0.9401	0.94	0.9401	0.9401	0.9401	0.94	0.9401	0.9398	0.94	0.9401	0.9401	0.94	0.94	0.9401	0.94	1.41	0.94	0.9401	2.7737	0.9399	0.94	0.9401	0.9398	0.9401	0.9372	0.9401	0.9394	0.94	0.9399	0.9401
  B	0.9401	0	0.9393	0.9401	0.9401	0.9401	0.925	0.9394	0.9375	0.94	0.9399	0.94	1.4097	0.9401	0.9399	0.9398	0.9401	0.9401	0.94	0.9401	0.9401	0.9401	0.94	0.9401	0.9398	0.94	0.9401	0.9401	0.94	0.94	0.94	0.94	0.94	0.94	0.9401	2.7723	0.9399	0.94	0.9401	1.4097	0.9401	0.9371	0.9401	0.9394	1.4099	1.8797	0.9401
  C	0.9394	0.9393	0	0.9392	0.939	0.9392	6.0483	1.8787	0.9385	0.939	0.9391	0.9391	0.9395	0.9392	1.4086	0.9396	0.9392	0.9392	0.9393	0.9393	0.9393	0.9393	0.9395	0.9395	1.4093	0.9392	0.9394	0.9395	0.9393	1.4093	0.9394	0.9394	0.9394	1.8781	2.3485	2.3279	0.9395	0.9393	0.9394	2.3486	0.9393	3.284	1.4085	0.9394	0.9389	1.4093	0.939
  D	0.9401	0.9401	0.9392	0	0.9402	0.9402	0.9213	0.9392	0.9368	0.9401	0.94	0.9401	0.9398	0.9402	0.94	0.9397	0.9402	0.9402	0.9401	0.9402	0.9402	0.9402	0.94	0.9402	0.9398	0.94	0.9402	0.9401	0.94	0.9401	0.9401	0.9401	0.94	0.9401	0.9401	1.38	0.9399	0.9401	0.9401	0.9398	0.9402	0.9364	0.9402	0.9392	0.94	0.9398	0.9402
  E	0.9401	0.9401	0.939	0.9402	0	0.9402	0.9184	0.939	0.9363	0.9401	0.9399	0.9401	0.9397	0.9402	0.94	0.9396	0.9402	0.9402	0.94	0.9402	0.9401	0.9402	0.94	0.9401	0.9397	0.9399	0.9402	0.9401	0.9399	0.94	0.9401	0.94	0.94	0.9401	0.9401	0.917	0.9398	0.94	0.9401	0.9397	0.9402	0.9358	0.9402	0.9391	0.9399	1.4096	0.9402
  F	0.9401	0.9401	0.9392	0.9402	0.9402	0	0.9214	0.9392	0.9368	0.9402	0.94	0.9402	0.9398	0.9402	0.94	0.9397	0.9402	0.9402	0.9401	0.9402	0.9402	0.9402	0.94	0.9402	0.9398	0.94	0.9402	0.9401	0.94	0.9401	0.9401	0.9401	0.94	0.9401	0.9401	1.3801	0.9399	0.9401	0.9401	0.9398	0.9402	0.9364	0.9402	0.9393	0.94	0.9398	0.9402
  G	0.9255	0.925	6.0483	0.9213	0.9184	0.9214	0	1.3959	0.9308	0.9189	0.922	0.9204	0.9308	0.9214	1.3809	0.9327	0.9214	0.9213	0.9243	0.9247	0.9232	0.9232	0.9287	0.9276	0.9302	0.9239	0.9263	0.9284	1.3868	0.929	0.9254	0.9261	0.9273	0.9196	2.7783	0.9053	0.9299	0.9246	0.927	0.9292	0.9232	3.7167	0.9184	0.9307	0.9177	1.3953	0.9191
  H	0.9394	0.9394	1.8787	0.9392	0.939	0.9392	1.3959	0	0.9385	0.939	0.9392	0.9391	0.9396	0.9392	0.9391	0.9397	0.9392	0.9392	1.409	0.9394	0.9393	0.9393	1.4093	0.9395	2.3488	1.4089	0.9395	0.9396	0.9393	0.9396	1.4091	1.4091	0.9395	2.3477	0.9394	11.1744	0.9396	1.409	0.9395	1.879	0.9393	7.5064	0.939	0.9394	0.9389	0.9395	0.9391
  I	1.4063	0.9375	0.9385	0.9368	0.9363	0.9368	0.9308	0.9385	0	1.4045	2.3423	1.8733	2.3464	0.9368	0.9367	3.7556	0.9368	0.9368	1.406	0.9374	1.4057	0.9371	1.8763	1.4069	0.9384	0.9373	1.4066	0.9381	0.9374	3.2838	0.9375	1.4065	2.3447	0.9365	0.9377	40.1799	0.9384	1.8748	1.8757	2.3456	1.4057	1.8767	0.9362	2.8156	0.9361	0.9384	0.9364
  J	0.9401	0.94	0.939	0.9401	0.9401	0.9402	0.9189	0.939	1.4045	0	0.9399	0.9401	0.9397	0.9402	0.9399	0.9396	0.9402	0.9401	0.94	0.9401	0.9401	0.9402	0.94	0.9401	0.9397	0.9399	0.9401	0.9401	0.9399	0.94	0.94	0.94	0.94	0.94	0.9401	0.9175	0.9398	0.94	0.9401	0.9397	0.9401	0.9359	0.9401	0.9391	0.9399	0.9397	0.9402
  K	0.9399	0.9399	0.9391	0.94	0.9399	0.94	0.922	0.9392	2.3423	0.9399	0	0.9399	0.9397	0.94	0.9398	0.9397	0.94	0.94	0.9399	0.94	0.94	0.94	1.8798	0.94	0.9397	0.9398	0.94	0.94	0.9398	0.9399	0.9399	0.9399	1.4098	0.9399	0.9399	1.842	0.9398	0.9399	1.4099	0.9397	0.94	0.9365	0.9399	1.4088	0.9397	0.9397	0.9399
  L	0.9401	0.94	0.9391	0.9401	0.9401	0.9402	0.9204	0.9391	1.8733	0.9401	0.9399	0	1.4096	0.9402	0.9399	1.4095	0.9402	0.9401	0.94	0.9401	0.9401	0.9402	0.94	0.9401	0.9397	0.9399	0.9401	0.9401	0.9399	0.94	0.94	0.94	0.94	0.94	0.9401	1.3787	0.9399	0.94	0.9401	0.9397	0.9401	0.9362	0.9401	1.4088	0.9399	1.4096	0.9401
  M	1.4097	1.4097	0.9395	0.9398	0.9397	0.9398	0.9308	0.9396	2.3464	0.9397	0.9397	1.4096	0	0.9398	0.9397	0.9398	0.9398	0.9397	0.9398	0.9398	0.9398	0.9398	0.9399	0.9399	0.9398	0.9397	0.9399	0.9399	0.9397	0.9399	0.9398	0.9398	0.9398	0.9397	0.9398	8.3765	2.3496	0.9398	0.9399	1.4096	1.4097	1.4075	0.9397	0.9396	0.9396	0.9398	0.9397
  N	0.9401	0.9401	0.9392	0.9402	0.9402	0.9402	0.9214	0.9392	0.9368	0.9402	0.94	0.9402	0.9398	0	0.94	0.9397	0.9402	0.9402	0.9401	0.9402	0.9402	0.9402	0.94	0.9402	0.9398	0.94	0.9402	0.9401	0.94	0.9401	0.9401	0.9401	0.94	0.9401	0.9401	1.3801	0.9399	0.9401	0.9401	0.9398	0.9402	0.9364	0.9402	0.9393	0.94	0.9398	0.9402
  O	0.94	0.9399	1.4086	0.94	0.94	0.94	1.3809	0.9391	0.9367	0.9399	0.9398	0.9399	0.9397	0.94	0	0.9396	0.94	0.94	0.9399	0.94	0.94	0.94	0.9399	0.94	0.9397	0.9398	0.94	0.94	0.9398	1.4099	0.9399	0.9399	0.9399	0.9399	0.94	0.9195	0.9398	0.9399	0.94	0.9396	0.94	0.9362	0.94	0.9391	1.4097	0.9397	0.94
  P	0.9398	0.9398	0.9396	0.9397	0.9396	0.9397	0.9327	0.9397	3.7556	0.9396	0.9397	1.4095	0.9398	0.9397	0.9396	0	0.9397	0.9397	0.9398	1.4097	0.9398	0.9398	1.4098	0.9399	0.9398	1.4096	1.4098	0.9399	0.9397	0.9399	0.9398	1.4097	0.9398	0.9396	0.9398	13.9926	0.9399	1.8795	0.9398	1.4097	0.9398	1.4081	0.9396	0.9397	0.9396	2.3496	0.9397
  Q	0.9401	0.9401	0.9392	0.9402	0.9402	0.9402	0.9214	0.9392	0.9368	0.9402	0.94	0.9402	0.9398	0.9402	0.94	0.9397	0	0.9402	0.9401	0.9402	0.9402	0.9402	0.94	0.9402	0.9398	0.94	0.9402	0.9401	0.94	0.9401	0.9401	0.9401	0.94	0.9401	0.9401	1.3801	0.9399	0.9401	0.9401	0.9398	0.9402	0.9364	0.9402	0.9393	0.94	0.9398	0.9402
  R	0.9401	0.9401	0.9392	0.9402	0.9402	0.9402	0.9213	0.9392	0.9368	0.9401	0.94	0.9401	0.9397	0.9402	0.94	0.9397	0.9402	0	0.9401	0.9402	0.9402	0.9402	0.94	0.9402	0.9398	0.94	0.9402	0.9401	0.94	0.9401	0.9401	0.94	0.94	0.9401	0.9401	1.38	0.9399	0.94	0.9401	0.9398	0.9402	0.9364	0.9402	0.9392	0.94	0.9398	0.9402
  S	0.94	0.94	0.9393	0.9401	0.94	0.9401	0.9243	1.409	1.406	0.94	0.9399	0.94	0.9398	0.9401	0.9399	0.9398	0.9401	0.9401	0	0.9401	0.9401	0.9401	0.94	0.9401	1.4097	0.9399	0.9401	0.9401	0.9399	1.41	0.94	0.94	0.94	1.41	0.94	2.3084	0.9399	0.94	0.94	0.9398	0.9401	1.4055	0.94	0.9394	0.9399	0.9398	0.9401
  T	0.9401	0.9401	0.9393	0.9402	0.9402	0.9402	0.9247	0.9394	0.9374	0.9401	0.94	0.9401	0.9398	0.9402	0.94	1.4097	0.9402	0.9402	0.9401	0	0.9402	0.9402	0.94	0.9402	0.9398	0.94	0.9402	0.9401	0.94	0.9401	0.9401	0.9401	0.94	0.9401	0.9401	2.3092	0.94	0.9401	0.9401	0.9398	0.9402	0.9371	0.9402	0.9394	0.94	0.9399	0.9402
  U	0.9401	0.9401	0.9393	0.9402	0.9401	0.9402	0.9232	0.9393	1.4057	0.9401	0.94	0.9401	0.9398	0.9402	0.94	0.9398	0.9402	0.9402	0.9401	0.9402	0	0.9402	0.94	0.9402	0.9398	0.94	0.9402	0.9401	0.94	0.9401	0.9401	0.9401	0.94	0.9401	0.9401	1.8442	1.4099	0.94	0.9401	0.9398	0.9402	1.4052	0.9402	0.9393	0.94	0.9398	0.9402
  V	0.9401	0.9401	0.9393	0.9402	0.9402	0.9402	0.9232	0.9393	0.9371	0.9402	0.94	0.9402	0.9398	0.9402	0.94	0.9398	0.9402	0.9402	0.9401	0.9402	0.9402	0	0.94	0.9402	0.9398	0.94	0.9402	0.9401	0.94	0.9401	0.9401	0.9401	0.94	0.9401	0.9401	1.8441	0.9399	0.9401	0.9401	0.9398	0.9402	0.9368	0.9402	0.9393	0.94	0.9399	0.9402
  W	0.94	0.94	0.9395	0.94	0.94	0.94	0.9287	1.4093	1.8763	0.94	1.8798	0.94	0.9399	0.94	0.9399	1.4098	0.94	0.94	0.94	0.94	0.94	0.94	0	0.9401	0.9399	0.9399	0.9401	0.9401	0.9399	0.94	0.94	0.94	0.94	0.9399	0.94	5.105	0.9399	0.94	0.94	1.4098	0.94	0.9379	0.94	1.8791	0.9399	1.4098	0.94
  X	0.9401	0.9401	0.9395	0.9402	0.9401	0.9402	0.9276	0.9395	1.4069	0.9401	0.94	0.9401	0.9399	0.9402	0.94	0.9399	0.9402	0.9402	0.9401	0.9402	0.9402	0.9402	0.9401	0	0.9399	1.41	0.9402	0.9401	0.94	0.9401	0.9401	0.9401	0.9401	0.9401	0.9401	3.7071	0.94	0.9401	0.9401	0.9399	0.9402	0.9377	0.9402	0.9396	0.94	0.9399	0.9402
  Y	0.9398	0.9398	1.4093	0.9398	0.9397	0.9398	0.9302	2.3488	0.9384	0.9397	0.9397	0.9397	0.9398	0.9398	0.9397	0.9398	0.9398	0.9398	1.4097	0.9398	0.9398	0.9398	0.9399	0.9399	0	0.9397	0.9399	1.4099	0.9397	0.9399	1.8796	1.4097	0.9398	0.9397	1.4098	6.9756	0.9398	0.9398	0.9399	1.4096	0.9398	2.8146	1.4095	0.9396	0.9396	0.9398	0.9397
  Z	0.94	0.94	0.9392	0.94	0.9399	0.94	0.9239	1.4089	0.9373	0.9399	0.9398	0.9399	0.9397	0.94	0.9398	1.4096	0.94	0.94	0.9399	0.94	0.94	0.94	0.9399	1.41	0.9397	0	0.94	0.94	0.9398	0.94	0.9399	0.9399	0.9399	0.9399	0.94	2.3075	0.9398	0.9399	0.94	0.9397	0.94	1.4054	0.94	0.9393	0.9398	0.9398	0.94
  [	0.9401	0.9401	0.9394	0.9402	0.9402	0.9402	0.9263	0.9395	1.4066	0.9401	0.94	0.9401	0.9399	0.9402	0.94	1.4098	0.9402	0.9402	0.9401	0.9402	0.9402	0.9402	0.9401	0.9402	0.9399	0.94	0	0.9401	0.94	0.9401	0.9401	0.9401	0.9401	0.9401	0.9401	3.2389	0.94	0.9401	0.9401	0.9399	0.9402	0.9374	0.9402	0.9395	0.94	1.4099	0.9402
  \	0.9401	0.9401	0.9395	0.9401	0.9401	0.9401	0.9284	0.9396	0.9381	0.9401	0.94	0.9401	0.9399	0.9401	0.94	0.9399	0.9401	0.9401	0.9401	0.9401	0.9401	0.9401	0.9401	0.9401	1.4099	0.94	0.9401	0	0.94	0.9401	1.4101	0.9401	0.9401	0.9401	0.9401	4.6386	0.94	0.9401	0.9401	0.9399	0.9401	1.8757	0.9401	0.9396	0.94	0.9399	0.9401
  ]	0.94	0.94	0.9393	0.94	0.9399	0.94	1.3868	0.9393	0.9374	0.9399	0.9398	0.9399	0.9397	0.94	0.9398	0.9397	0.94	0.94	0.9399	0.94	0.94	0.94	0.9399	0.94	0.9397	0.9398	0.94	0.94	0	0.94	0.9399	0.9399	0.9399	0.9399	0.94	1.8475	0.9399	0.9399	0.94	0.9397	0.94	1.4056	0.9399	0.9393	0.9398	0.9398	0.94
  ^	0.94	0.94	1.4093	0.9401	0.94	0.9401	0.929	0.9396	3.2838	0.94	0.9399	0.94	0.9399	0.9401	1.4099	0.9399	0.9401	0.9401	1.41	0.9401	0.9401	0.9401	0.94	0.9401	0.9399	0.94	0.9401	0.9401	0.94	0	1.41	0.94	0.94	0.94	0.94	5.5708	0.94	0.94	0.9401	0.9399	0.9401	1.8759	0.94	0.9396	0.9399	0.9399	0.94
  _	0.9401	0.94	0.9394	0.9401	0.9401	0.9401	0.9254	1.4091	0.9375	0.94	0.9399	0.94	0.9398	0.9401	0.9399	0.9398	0.9401	0.9401	0.94	0.9401	0.9401	0.9401	0.94	0.9401	1.8796	0.9399	0.9401	1.4101	0.9399	1.41	0	1.41	0.94	0.94	0.94	3.2357	0.9399	1.41	0.9401	0.9398	0.9401	1.4058	0.9401	1.4091	0.9399	0.9398	0.9401
  `	0.94	0.94	0.9394	0.9401	0.94	0.9401	0.9261	1.4091	1.4065	0.94	0.9399	0.94	0.9398	0.9401	0.9399	1.4097	0.9401	0.94	0.94	0.9401	0.9401	0.9401	0.94	0.9401	1.4097	0.9399	0.9401	0.9401	0.9399	0.94	1.41	0	0.94	0.94	0.94	3.2388	0.9399	0.94	0.94	0.9398	0.9401	1.8748	0.94	0.9394	0.9399	0.9399	0.94
  a	1.41	0.94	0.9394	0.94	0.94	0.94	0.9273	0.9395	2.3447	0.94	1.4098	0.94	0.9398	0.94	0.9399	0.9398	0.94	0.94	0.94	0.94	0.94	0.94	0.94	0.9401	0.9398	0.9399	0.9401	0.9401	0.9399	0.94	0.94	0.94	0	0.9399	0.94	3.7065	1.4099	0.94	1.88	0.9398	0.94	0.9376	0.94	0.9395	0.9399	0.9399	0.94
  b	0.94	0.94	1.8781	0.9401	0.9401	0.9401	0.9196	2.3477	0.9365	0.94	0.9399	0.94	0.9397	0.9401	0.9399	0.9396	0.9401	0.9401	1.41	0.9401	0.9401	0.9401	0.9399	0.9401	0.9397	0.9399	0.9401	0.9401	0.9399	0.94	0.94	0.94	0.9399	0	0.94	1.3774	0.9398	0.94	0.94	1.4095	0.9401	0.936	0.9401	0.9391	0.9399	0.9397	0.9401
  c	0.9401	0.9401	2.3485	0.9401	0.9401	0.9401	2.7783	0.9394	0.9377	0.9401	0.9399	0.9401	0.9398	0.9401	0.94	0.9398	0.9401	0.9401	0.94	0.9401	0.9401	0.9401	0.94	0.9401	1.4098	0.94	0.9401	0.9401	0.94	0.94	0.94	0.94	0.94	0.94	0	1.3879	0.9399	0.94	0.9401	0.9398	0.9401	0.9374	0.9401	0.9395	0.9399	0.9399	0.9401
  d	2.7737	2.7723	2.3279	1.38	0.917	1.3801	0.9053	11.1744	40.1799	0.9175	1.842	1.3787	8.3765	1.3801	0.9195	13.9926	1.3801	1.38	2.3084	2.3092	1.8442	1.8441	5.105	3.7071	6.9756	2.3075	3.2389	4.6386	1.8475	5.5708	3.2357	3.2388	3.7065	1.3774	1.3879	0	5.5776	2.3093	3.7049	6.0385	1.8441	22.8629	0.9169	10.2435	0.9164	6.51	0.9176
  e	0.9399	0.9399	0.9395	0.9399	0.9398	0.9399	0.9299	0.9396	0.9384	0.9398	0.9398	0.9399	2.3496	0.9399	0.9398	0.9399	0.9399	0.9399	0.9399	0.94	1.4099	0.9399	0.9399	0.94	0.9398	0.9398	0.94	0.94	0.9399	0.94	0.9399	0.9399	1.4099	0.9398	0.9399	5.5776	0	0.9399	0.94	0.9398	0.9399	0.9382	0.9398	2.8188	0.9397	0.9399	0.9399
  f	0.94	0.94	0.9393	0.9401	0.94	0.9401	0.9246	1.409	1.8748	0.94	0.9399	0.94	0.9398	0.9401	0.9399	1.8795	0.9401	0.94	0.94	0.9401	0.94	0.9401	0.94	0.9401	0.9398	0.9399	0.9401	0.9401	0.9399	0.94	1.41	0.94	0.94	0.94	0.94	2.3093	0.9399	0	0.94	1.8795	0.9401	1.4056	0.94	0.9394	0.9399	0.9398	0.94
  g	0.9401	0.9401	0.9394	0.9401	0.9401	0.9401	0.927	0.9395	1.8757	0.9401	1.4099	0.9401	0.9399	0.9401	0.94	0.9398	0.9401	0.9401	0.94	0.9401	0.9401	0.9401	0.94	0.9401	0.9399	0.94	0.9401	0.9401	0.94	0.9401	0.9401	0.94	1.88	0.94	0.9401	3.7049	0.94	0.94	0	0.9399	0.9401	0.9376	0.9401	0.9395	0.94	0.9399	0.9401
  h	0.9398	1.4097	2.3486	0.9398	0.9397	0.9398	0.9292	1.879	2.3456	0.9397	0.9397	0.9397	1.4096	0.9398	0.9396	1.4097	0.9398	0.9398	0.9398	0.9398	0.9398	0.9398	1.4098	0.9399	1.4096	0.9397	0.9399	0.9399	0.9397	0.9399	0.9398	0.9398	0.9398	1.4095	0.9398	6.0385	0.9398	1.8795	0.9399	0	0.9398	4.221	0.9397	0.9395	0.9396	0.9398	0.9397
  i	0.9401	0.9401	0.9393	0.9402	0.9402	0.9402	0.9232	0.9393	1.4057	0.9401	0.94	0.9401	1.4097	0.9402	0.94	0.9398	0.9402	0.9402	0.9401	0.9402	0.9402	0.9402	0.94	0.9402	0.9398	0.94	0.9402	0.9401	0.94	0.9401	0.9401	0.9401	0.94	0.9401	0.9401	1.8441	0.9399	0.9401	0.9401	0.9398	0	0.9368	0.9402	0.9393	0.94	0.9398	0.9402
  j	0.9372	0.9371	3.284	0.9364	0.9358	0.9364	3.7167	7.5064	1.8767	0.9359	0.9365	0.9362	1.4075	0.9364	0.9362	1.4081	0.9364	0.9364	1.4055	0.9371	1.4052	0.9368	0.9379	0.9377	2.8146	1.4054	0.9374	1.8757	1.4056	1.8759	1.4058	1.8748	0.9376	0.936	0.9374	22.8629	0.9382	1.4056	0.9376	4.221	0.9368	0	1.4037	0.9383	0.9356	1.8764	1.4039
  k	0.9401	0.9401	1.4085	0.9402	0.9402	0.9402	0.9184	0.939	0.9362	0.9401	0.9399	0.9401	0.9397	0.9402	0.94	0.9396	0.9402	0.9402	0.94	0.9402	0.9402	0.9402	0.94	0.9402	1.4095	0.94	0.9402	0.9401	0.9399	0.94	0.9401	0.94	0.94	0.9401	0.9401	0.9169	0.9398	0.94	0.9401	0.9397	0.9402	1.4037	0	0.9391	0.94	0.9397	0.9402
  l	0.9394	0.9394	0.9394	0.9392	0.9391	0.9393	0.9307	0.9394	2.8156	0.9391	1.4088	1.4088	0.9396	0.9393	0.9391	0.9397	0.9393	0.9392	0.9394	0.9394	0.9393	0.9393	1.8791	0.9396	0.9396	0.9393	0.9395	0.9396	0.9393	0.9396	1.4091	0.9394	0.9395	0.9391	0.9395	10.2435	2.8188	0.9394	0.9395	0.9395	0.9393	0.9383	0.9391	0	0.939	1.4094	0.9391
  m	0.94	1.4099	0.9389	0.94	0.9399	0.94	0.9177	0.9389	0.9361	0.9399	0.9397	0.9399	0.9396	0.94	1.4097	0.9396	0.94	0.94	0.9399	0.94	0.94	0.94	0.9399	0.94	0.9396	0.9398	0.94	0.94	0.9398	0.9399	0.9399	0.9399	0.9399	0.9399	0.9399	0.9164	0.9397	0.9399	0.94	0.9396	0.94	0.9356	0.94	0.939	0	0.9396	0.94
  n	0.9399	1.8797	1.4093	0.9398	1.4096	0.9398	1.3953	0.9395	0.9384	0.9397	0.9397	1.4096	0.9398	0.9398	0.9397	2.3496	0.9398	0.9398	0.9398	0.9399	0.9398	0.9399	1.4098	0.9399	0.9398	0.9398	1.4099	0.9399	0.9398	0.9399	0.9398	0.9399	0.9399	0.9397	0.9399	6.51	0.9399	0.9398	0.9399	0.9398	0.9398	1.8764	0.9397	1.4094	0.9396	0	0.9398
  o	0.9401	0.9401	0.939	0.9402	0.9402	0.9402	0.9191	0.9391	0.9364	0.9402	0.9399	0.9401	0.9397	0.9402	0.94	0.9397	0.9402	0.9402	0.9401	0.9402	0.9402	0.9402	0.94	0.9402	0.9397	0.94	0.9402	0.9401	0.94	0.94	0.9401	0.94	0.94	0.9401	0.9401	0.9176	0.9399	0.94	0.9401	0.9397	0.9402	1.4039	0.9402	0.9391	0.94	0.9398	0

Actual rates from j->i (Q_ij):
	A	B	C	D	E	F	G	H	I	J	K	L	M	N	O	P	Q	R	S	T	U	V	W	X	Y	Z	[	\	]	^	_	`	a	b	c	d	e	f	g	h	i	j	k	l	m	n	o
  A	0	0.0199	0.0199	0.0199	0.0199	0.0199	0.0196	0.0199	0.0298	0.0199	0.0199	0.0199	0.0298	0.0199	0.0199	0.0199	0.0199	0.0199	0.0199	0.0199	0.0199	0.0199	0.0199	0.0199	0.0199	0.0199	0.0199	0.0199	0.0199	0.0199	0.0199	0.0199	0.0298	0.0199	0.0199	0.0587	0.0199	0.0199	0.0199	0.0199	0.0199	0.0198	0.0199	0.0199	0.0199	0.0199	0.0199
  B	0.0205	0	0.0205	0.0205	0.0205	0.0205	0.0202	0.0205	0.0204	0.0205	0.0205	0.0205	0.0307	0.0205	0.0205	0.0205	0.0205	0.0205	0.0205	0.0205	0.0205	0.0205	0.0205	0.0205	0.0205	0.0205	0.0205	0.0205	0.0205	0.0205	0.0205	0.0205	0.0205	0.0205	0.0205	0.0604	0.0205	0.0205	0.0205	0.0307	0.0205	0.0204	0.0205	0.0205	0.0307	0.041	0.0205
  C	0.011	0.011	0	0.011	0.011	0.011	0.0711	0.0221	0.011	0.011	0.011	0.011	0.0111	0.011	0.0166	0.0111	0.011	0.011	0.011	0.011	0.011	0.011	0.0111	0.0111	0.0166	0.011	0.011	0.0111	0.011	0.0166	0.011	0.011	0.011	0.0221	0.0276	0.0274	0.0111	0.011	0.011	0.0276	0.011	0.0386	0.0166	0.011	0.011	0.0166	0.011
  D	0.0258	0.0258	0.0258	0	0.0258	0.0258	0.0253	0.0258	0.0257	0.0258	0.0258	0.0258	0.0258	0.0258	0.0258	0.0258	0.0258	0.0258	0.0258	0.0258	0.0258	0.0258	0.0258	0.0258	0.0258	0.0258	0.0258	0.0258	0.0258	0.0258	0.0258	0.0258	0.0258	0.0258	0.0258	0.0379	0.0258	0.0258	0.0258	0.0258	0.0258	0.0257	0.0258	0.0258	0.0258	0.0258	0.0258
  E	0.0298	0.0298	0.0298	0.0298	0	0.0298	0.0291	0.0298	0.0297	0.0298	0.0298	0.0298	0.0298	0.0298	0.0298	0.0298	0.0298	0.0298	0.0298	0.0298	0.0298	0.0298	0.0298	0.0298	0.0298	0.0298	0.0298	0.0298	0.0298	0.0298	0.0298	0.0298	0.0298	0.0298	0.0298	0.0291	0.0298	0.0298	0.0298	0.0298	0.0298	0.0297	0.0298	0.0298	0.0298	0.0447	0.0298
  F	0.0258	0.0258	0.0258	0.0258	0.0258	0	0.0253	0.0258	0.0257	0.0258	0.0258	0.0258	0.0258	0.0258	0.0258	0.0258	0.0258	0.0258	0.0258	0.0258	0.0258	0.0258	0.0258	0.0258	0.0258	0.0258	0.0258	0.0258	0.0258	0.0258	0.0258	0.0258	0.0258	0.0258	0.0258	0.0379	0.0258	0.0258	0.0258	0.0258	0.0258	0.0257	0.0258	0.0258	0.0258	0.0258	0.0258
  G	0.0373	0.0373	0.2441	0.0372	0.0371	0.0372	0	0.0563	0.0376	0.0371	0.0372	0.0371	0.0376	0.0372	0.0557	0.0376	0.0372	0.0372	0.0373	0.0373	0.0373	0.0373	0.0375	0.0374	0.0375	0.0373	0.0374	0.0375	0.056	0.0375	0.0373	0.0374	0.0374	0.0371	0.1121	0.0365	0.0375	0.0373	0.0374	0.0375	0.0373	0.15	0.0371	0.0376	0.037	0.0563	0.0371
  H	0.011	0.011	0.022	0.011	0.011	0.011	0.0164	0	0.011	0.011	0.011	0.011	0.011	0.011	0.011	0.011	0.011	0.011	0.0165	0.011	0.011	0.011	0.0165	0.011	0.0275	0.0165	0.011	0.011	0.011	0.011	0.0165	0.0165	0.011	0.0275	0.011	0.1309	0.011	0.0165	0.011	0.022	0.011	0.088	0.011	0.011	0.011	0.011	0.011
  I	0.009	0.006	0.006	0.006	0.006	0.006	0.0059	0.006	0	0.0089	0.0149	0.0119	0.0149	0.006	0.006	0.0239	0.006	0.006	0.009	0.006	0.009	0.006	0.0119	0.009	0.006	0.006	0.009	0.006	0.006	0.0209	0.006	0.009	0.0149	0.006	0.006	0.2559	0.006	0.0119	0.0119	0.0149	0.009	0.012	0.006	0.0179	0.006	0.006	0.006
  J	0.0291	0.0291	0.0291	0.0291	0.0291	0.0291	0.0285	0.0291	0.0435	0	0.0291	0.0291	0.0291	0.0291	0.0291	0.0291	0.0291	0.0291	0.0291	0.0291	0.0291	0.0291	0.0291	0.0291	0.0291	0.0291	0.0291	0.0291	0.0291	0.0291	0.0291	0.0291	0.0291	0.0291	0.0291	0.0284	0.0291	0.0291	0.0291	0.0291	0.0291	0.029	0.0291	0.0291	0.0291	0.0291	0.0291
  K	0.0244	0.0244	0.0244	0.0244	0.0244	0.0244	0.024	0.0244	0.0609	0.0244	0	0.0244	0.0244	0.0244	0.0244	0.0244	0.0244	0.0244	0.0244	0.0244	0.0244	0.0244	0.0489	0.0244	0.0244	0.0244	0.0244	0.0244	0.0244	0.0244	0.0244	0.0244	0.0367	0.0244	0.0244	0.0479	0.0244	0.0244	0.0367	0.0244	0.0244	0.0244	0.0244	0.0366	0.0244	0.0244	0.0244
  L	0.0269	0.0269	0.0269	0.0269	0.0269	0.0269	0.0264	0.0269	0.0537	0.0269	0.0269	0	0.0404	0.0269	0.0269	0.0404	0.0269	0.0269	0.0269	0.0269	0.0269	0.0269	0.0269	0.0269	0.0269	0.0269	0.0269	0.0269	0.0269	0.0269	0.0269	0.0269	0.0269	0.0269	0.0269	0.0395	0.0269	0.0269	0.0269	0.0269	0.0269	0.0268	0.0269	0.0404	0.0269	0.0404	0.0269
  M	0.0178	0.0178	0.0118	0.0118	0.0118	0.0118	0.0117	0.0118	0.0295	0.0118	0.0118	0.0178	0	0.0118	0.0118	0.0118	0.0118	0.0118	0.0118	0.0118	0.0118	0.0118	0.0118	0.0118	0.0118	0.0118	0.0118	0.0118	0.0118	0.0118	0.0118	0.0118	0.0118	0.0118	0.0118	0.1055	0.0296	0.0118	0.0118	0.0178	0.0178	0.0177	0.0118	0.0118	0.0118	0.0118	0.0118
  N	0.0258	0.0258	0.0258	0.0258	0.0258	0.0258	0.0253	0.0258	0.0257	0.0258	0.0258	0.0258	0.0258	0	0.0258	0.0258	0.0258	0.0258	0.0258	0.0258	0.0258	0.0258	0.0258	0.0258	0.0258	0.0258	0.0258	0.0258	0.0258	0.0258	0.0258	0.0258	0.0258	0.0258	0.0258	0.0379	0.0258	0.0258	0.0258	0.0258	0.0258	0.0257	0.0258	0.0258	0.0258	0.0258	0.0258
  O	0.0264	0.0264	0.0396	0.0264	0.0264	0.0264	0.0388	0.0264	0.0263	0.0264	0.0264	0.0264	0.0264	0.0264	0	0.0264	0.0264	0.0264	0.0264	0.0264	0.0264	0.0264	0.0264	0.0264	0.0264	0.0264	0.0264	0.0264	0.0264	0.0396	0.0264	0.0264	0.0264	0.0264	0.0264	0.0258	0.0264	0.0264	0.0264	0.0264	0.0264	0.0263	0.0264	0.0264	0.0396	0.0264	0.0264
  P	0.0091	0.0091	0.0091	0.0091	0.0091	0.0091	0.0091	0.0091	0.0364	0.0091	0.0091	0.0137	0.0091	0.0091	0.0091	0	0.0091	0.0091	0.0091	0.0137	0.0091	0.0091	0.0137	0.0091	0.0091	0.0137	0.0137	0.0091	0.0091	0.0091	0.0091	0.0137	0.0091	0.0091	0.0091	0.1358	0.0091	0.0182	0.0091	0.0137	0.0091	0.0137	0.0091	0.0091	0.0091	0.0228	0.0091
  Q	0.0258	0.0258	0.0258	0.0258	0.0258	0.0258	0.0253	0.0258	0.0257	0.0258	0.0258	0.0258	0.0258	0.0258	0.0258	0.0258	0	0.0258	0.0258	0.0258	0.0258	0.0258	0.0258	0.0258	0.0258	0.0258	0.0258	0.0258	0.0258	0.0258	0.0258	0.0258	0.0258	0.0258	0.0258	0.0379	0.0258	0.0258	0.0258	0.0258	0.0258	0.0257	0.0258	0.0258	0.0258	0.0258	0.0258
  R	0.0258	0.0258	0.0258	0.0258	0.0258	0.0258	0.0253	0.0258	0.0257	0.0258	0.0258	0.0258	0.0258	0.0258	0.0258	0.0258	0.0258	0	0.0258	0.0258	0.0258	0.0258	0.0258	0.0258	0.0258	0.0258	0.0258	0.0258	0.0258	0.0258	0.0258	0.0258	0.0258	0.0258	0.0258	0.0379	0.0258	0.0258	0.0258	0.0258	0.0258	0.0257	0.0258	0.0258	0.0258	0.0258	0.0258
  S	0.0214	0.0214	0.0214	0.0214	0.0214	0.0214	0.0211	0.0321	0.0321	0.0214	0.0214	0.0214	0.0214	0.0214	0.0214	0.0214	0.0214	0.0214	0	0.0214	0.0214	0.0214	0.0214	0.0214	0.0322	0.0214	0.0214	0.0214	0.0214	0.0322	0.0214	0.0214	0.0214	0.0322	0.0214	0.0527	0.0214	0.0214	0.0214	0.0214	0.0214	0.0321	0.0214	0.0214	0.0214	0.0214	0.0214
  T	0.0211	0.0211	0.0211	0.0211	0.0211	0.0211	0.0207	0.0211	0.021	0.0211	0.0211	0.0211	0.0211	0.0211	0.0211	0.0316	0.0211	0.0211	0.0211	0	0.0211	0.0211	0.0211	0.0211	0.0211	0.0211	0.0211	0.0211	0.0211	0.0211	0.0211	0.0211	0.0211	0.0211	0.0211	0.0518	0.0211	0.0211	0.0211	0.0211	0.0211	0.021	0.0211	0.0211	0.0211	0.0211	0.0211
  U	0.0231	0.0231	0.0231	0.0231	0.0231	0.0231	0.0227	0.0231	0.0346	0.0231	0.0231	0.0231	0.0231	0.0231	0.0231	0.0231	0.0231	0.0231	0.0231	0.0231	0	0.0231	0.0231	0.0231	0.0231	0.0231	0.0231	0.0231	0.0231	0.0231	0.0231	0.0231	0.0231	0.0231	0.0231	0.0454	0.0347	0.0231	0.0231	0.0231	0.0231	0.0346	0.0231	0.0231	0.0231	0.0231	0.0231
  V	0.0232	0.0232	0.0232	0.0232	0.0232	0.0232	0.0228	0.0232	0.0231	0.0232	0.0232	0.0232	0.0232	0.0232	0.0232	0.0232	0.0232	0.0232	0.0232	0.0232	0.0232	0	0.0232	0.0232	0.0232	0.0232	0.0232	0.0232	0.0232	0.0232	0.0232	0.0232	0.0232	0.0232	0.0232	0.0455	0.0232	0.0232	0.0232	0.0232	0.0232	0.0231	0.0232	0.0232	0.0232	0.0232	0.0232
  W	0.0152	0.0152	0.0152	0.0152	0.0152	0.0152	0.015	0.0228	0.0303	0.0152	0.0304	0.0152	0.0152	0.0152	0.0152	0.0228	0.0152	0.0152	0.0152	0.0152	0.0152	0.0152	0	0.0152	0.0152	0.0152	0.0152	0.0152	0.0152	0.0152	0.0152	0.0152	0.0152	0.0152	0.0152	0.0824	0.0152	0.0152	0.0152	0.0228	0.0152	0.0151	0.0152	0.0303	0.0152	0.0228	0.0152
  X	0.017	0.017	0.017	0.017	0.017	0.017	0.0168	0.017	0.0255	0.017	0.017	0.017	0.017	0.017	0.017	0.017	0.017	0.017	0.017	0.017	0.017	0.017	0.017	0	0.017	0.0256	0.017	0.017	0.017	0.017	0.017	0.017	0.017	0.017	0.017	0.0672	0.017	0.017	0.017	0.017	0.017	0.017	0.017	0.017	0.017	0.017	0.017
  Y	0.0127	0.0127	0.019	0.0127	0.0127	0.0127	0.0125	0.0316	0.0126	0.0127	0.0127	0.0127	0.0127	0.0127	0.0127	0.0127	0.0127	0.0127	0.019	0.0127	0.0127	0.0127	0.0127	0.0127	0	0.0127	0.0127	0.019	0.0127	0.0127	0.0253	0.019	0.0127	0.0127	0.019	0.0939	0.0127	0.0127	0.0127	0.019	0.0127	0.0379	0.019	0.0127	0.0127	0.0127	0.0127
  Z	0.0219	0.0219	0.0218	0.0219	0.0219	0.0219	0.0215	0.0328	0.0218	0.0219	0.0219	0.0219	0.0219	0.0219	0.0219	0.0328	0.0219	0.0219	0.0219	0.0219	0.0219	0.0219	0.0219	0.0328	0.0219	0	0.0219	0.0219	0.0219	0.0219	0.0219	0.0219	0.0219	0.0219	0.0219	0.0537	0.0219	0.0219	0.0219	0.0219	0.0219	0.0327	0.0219	0.0218	0.0219	0.0219	0.0219
  [	0.0188	0.0188	0.0188	0.0188	0.0188	0.0188	0.0186	0.0188	0.0282	0.0188	0.0188	0.0188	0.0188	0.0188	0.0188	0.0282	0.0188	0.0188	0.0188	0.0188	0.0188	0.0188	0.0188	0.0188	0.0188	0.0188	0	0.0188	0.0188	0.0188	0.0188	0.0188	0.0188	0.0188	0.0188	0.0649	0.0188	0.0188	0.0188	0.0188	0.0188	0.0188	0.0188	0.0188	0.0188	0.0282	0.0188
  \	0.0158	0.0158	0.0158	0.0158	0.0158	0.0158	0.0156	0.0158	0.0158	0.0158	0.0158	0.0158	0.0158	0.0158	0.0158	0.0158	0.0158	0.0158	0.0158	0.0158	0.0158	0.0158	0.0158	0.0158	0.0237	0.0158	0.0158	0	0.0158	0.0158	0.0238	0.0158	0.0158	0.0158	0.0158	0.0781	0.0158	0.0158	0.0158	0.0158	0.0158	0.0316	0.0158	0.0158	0.0158	0.0158	0.0158
  ]	0.0209	0.0209	0.0209	0.0209	0.0209	0.0209	0.0308	0.0209	0.0208	0.0209	0.0209	0.0209	0.0209	0.0209	0.0209	0.0209	0.0209	0.0209	0.0209	0.0209	0.0209	0.0209	0.0209	0.0209	0.0209	0.0209	0.0209	0.0209	0	0.0209	0.0209	0.0209	0.0209	0.0209	0.0209	0.0411	0.0209	0.0209	0.0209	0.0209	0.0209	0.0313	0.0209	0.0209	0.0209	0.0209	0.0209
  ^	0.0148	0.0148	0.0222	0.0148	0.0148	0.0148	0.0147	0.0148	0.0518	0.0148	0.0148	0.0148	0.0148	0.0148	0.0223	0.0148	0.0148	0.0148	0.0223	0.0148	0.0148	0.0148	0.0148	0.0148	0.0148	0.0148	0.0148	0.0148	0.0148	0	0.0223	0.0148	0.0148	0.0148	0.0148	0.0879	0.0148	0.0148	0.0148	0.0148	0.0148	0.0296	0.0148	0.0148	0.0148	0.0148	0.0148
  _	0.02	0.02	0.02	0.02	0.02	0.02	0.0197	0.03	0.0199	0.02	0.02	0.02	0.02	0.02	0.02	0.02	0.02	0.02	0.02	0.02	0.02	0.02	0.02	0.02	0.04	0.02	0.02	0.03	0.02	0.03	0	0.03	0.02	0.02	0.02	0.0688	0.02	0.03	0.02	0.02	0.02	0.0299	0.02	0.03	0.02	0.02	0.02
  `	0.0188	0.0188	0.0188	0.0188	0.0188	0.0188	0.0186	0.0282	0.0282	0.0188	0.0188	0.0188	0.0188	0.0188	0.0188	0.0282	0.0188	0.0188	0.0188	0.0188	0.0188	0.0188	0.0188	0.0188	0.0282	0.0188	0.0188	0.0188	0.0188	0.0188	0.0282	0	0.0188	0.0188	0.0188	0.0649	0.0188	0.0188	0.0188	0.0188	0.0188	0.0376	0.0188	0.0188	0.0188	0.0188	0.0188
  a	0.0258	0.0172	0.0172	0.0172	0.0172	0.0172	0.017	0.0172	0.0429	0.0172	0.0258	0.0172	0.0172	0.0172	0.0172	0.0172	0.0172	0.0172	0.0172	0.0172	0.0172	0.0172	0.0172	0.0172	0.0172	0.0172	0.0172	0.0172	0.0172	0.0172	0.0172	0.0172	0	0.0172	0.0172	0.0678	0.0258	0.0172	0.0344	0.0172	0.0172	0.0172	0.0172	0.0172	0.0172	0.0172	0.0172
  b	0.0281	0.0281	0.0561	0.0281	0.0281	0.0281	0.0275	0.0701	0.028	0.0281	0.0281	0.0281	0.0281	0.0281	0.0281	0.0281	0.0281	0.0281	0.0421	0.0281	0.0281	0.0281	0.0281	0.0281	0.0281	0.0281	0.0281	0.0281	0.0281	0.0281	0.0281	0.0281	0.0281	0	0.0281	0.0411	0.0281	0.0281	0.0281	0.0421	0.0281	0.028	0.0281	0.028	0.0281	0.0281	0.0281
  c	0.019	0.019	0.0474	0.019	0.019	0.019	0.0561	0.019	0.0189	0.019	0.019	0.019	0.019	0.019	0.019	0.019	0.019	0.019	0.019	0.019	0.019	0.019	0.019	0.019	0.0285	0.019	0.019	0.019	0.019	0.019	0.019	0.019	0.019	0.019	0	0.028	0.019	0.019	0.019	0.019	0.019	0.0189	0.019	0.019	0.019	0.019	0.019
  d	0.0236	0.0236	0.0198	0.0118	0.0078	0.0118	0.0077	0.0952	0.3425	0.0078	0.0157	0.0118	0.0714	0.0118	0.0078	0.1193	0.0118	0.0118	0.0197	0.0197	0.0157	0.0157	0.0435	0.0316	0.0595	0.0197	0.0276	0.0395	0.0157	0.0475	0.0276	0.0276	0.0316	0.0117	0.0118	0	0.0475	0.0197	0.0316	0.0515	0.0157	0.1949	0.0078	0.0873	0.0078	0.0555	0.0078
  e	0.0133	0.0133	0.0133	0.0133	0.0133	0.0133	0.0132	0.0133	0.0133	0.0133	0.0133	0.0133	0.0333	0.0133	0.0133	0.0133	0.0133	0.0133	0.0133	0.0133	0.02	0.0133	0.0133	0.0133	0.0133	0.0133	0.0133	0.0133	0.0133	0.0133	0.0133	0.0133	0.02	0.0133	0.0133	0.0791	0	0.0133	0.0133	0.0133	0.0133	0.0133	0.0133	0.04	0.0133	0.0133	0.0133
  f	0.0209	0.0209	0.0209	0.0209	0.0209	0.0209	0.0206	0.0314	0.0418	0.0209	0.0209	0.0209	0.0209	0.0209	0.0209	0.0419	0.0209	0.0209	0.0209	0.0209	0.0209	0.0209	0.0209	0.0209	0.0209	0.0209	0.0209	0.0209	0.0209	0.0209	0.0314	0.0209	0.0209	0.0209	0.0209	0.0514	0.0209	0	0.0209	0.0419	0.0209	0.0313	0.0209	0.0209	0.0209	0.0209	0.0209
  g	0.0178	0.0178	0.0177	0.0178	0.0178	0.0178	0.0175	0.0177	0.0354	0.0178	0.0266	0.0178	0.0178	0.0178	0.0178	0.0178	0.0178	0.0178	0.0178	0.0178	0.0178	0.0178	0.0178	0.0178	0.0178	0.0178	0.0178	0.0178	0.0178	0.0178	0.0178	0.0178	0.0355	0.0178	0.0178	0.07	0.0178	0.0178	0	0.0178	0.0178	0.0177	0.0178	0.0177	0.0178	0.0178	0.0178
  h	0.014	0.021	0.0351	0.014	0.014	0.014	0.0139	0.028	0.035	0.014	0.014	0.014	0.021	0.014	0.014	0.021	0.014	0.014	0.014	0.014	0.014	0.014	0.021	0.014	0.021	0.014	0.014	0.014	0.014	0.014	0.014	0.014	0.014	0.021	0.014	0.0901	0.014	0.0281	0.014	0	0.014	0.063	0.014	0.014	0.014	0.014	0.014
  i	0.0232	0.0231	0.0231	0.0232	0.0232	0.0232	0.0227	0.0231	0.0346	0.0232	0.0231	0.0232	0.0347	0.0232	0.0231	0.0231	0.0232	0.0232	0.0231	0.0232	0.0232	0.0232	0.0231	0.0232	0.0231	0.0231	0.0232	0.0232	0.0231	0.0231	0.0231	0.0231	0.0231	0.0231	0.0231	0.0454	0.0231	0.0231	0.0231	0.0231	0	0.0231	0.0232	0.0231	0.0231	0.0231	0.0232
  j	0.0074	0.0074	0.0258	0.0074	0.0074	0.0074	0.0292	0.059	0.0148	0.0074	0.0074	0.0074	0.0111	0.0074	0.0074	0.0111	0.0074	0.0074	0.011	0.0074	0.011	0.0074	0.0074	0.0074	0.0221	0.011	0.0074	0.0147	0.0111	0.0147	0.0111	0.0147	0.0074	0.0074	0.0074	0.1797	0.0074	0.0111	0.0074	0.0332	0.0074	0	0.011	0.0074	0.0074	0.0148	0.011
  k	0.0299	0.0299	0.0448	0.0299	0.0299	0.0299	0.0292	0.0299	0.0298	0.0299	0.0299	0.0299	0.0299	0.0299	0.0299	0.0299	0.0299	0.0299	0.0299	0.0299	0.0299	0.0299	0.0299	0.0299	0.0449	0.0299	0.0299	0.0299	0.0299	0.0299	0.0299	0.0299	0.0299	0.0299	0.0299	0.0292	0.0299	0.0299	0.0299	0.0299	0.0299	0.0447	0	0.0299	0.0299	0.0299	0.0299
  l	0.011	0.011	0.011	0.011	0.011	0.011	0.0109	0.011	0.0329	0.011	0.0165	0.0165	0.011	0.011	0.011	0.011	0.011	0.011	0.011	0.011	0.011	0.011	0.022	0.011	0.011	0.011	0.011	0.011	0.011	0.011	0.0165	0.011	0.011	0.011	0.011	0.1198	0.033	0.011	0.011	0.011	0.011	0.011	0.011	0	0.011	0.0165	0.011
  m	0.0306	0.0458	0.0305	0.0306	0.0306	0.0306	0.0298	0.0305	0.0304	0.0306	0.0305	0.0306	0.0305	0.0306	0.0458	0.0305	0.0306	0.0306	0.0306	0.0306	0.0306	0.0306	0.0306	0.0306	0.0305	0.0305	0.0306	0.0306	0.0305	0.0306	0.0306	0.0306	0.0306	0.0306	0.0306	0.0298	0.0305	0.0306	0.0306	0.0305	0.0306	0.0304	0.0306	0.0305	0	0.0305	0.0306
  n	0.0128	0.0255	0.0192	0.0128	0.0192	0.0128	0.019	0.0128	0.0128	0.0128	0.0128	0.0192	0.0128	0.0128	0.0128	0.0319	0.0128	0.0128	0.0128	0.0128	0.0128	0.0128	0.0192	0.0128	0.0128	0.0128	0.0192	0.0128	0.0128	0.0128	0.0128	0.0128	0.0128	0.0128	0.0128	0.0885	0.0128	0.0128	0.0128	0.0128	0.0128	0.0255	0.0128	0.0192	0.0128	0	0.0128
  o	0.029	0.029	0.029	0.029	0.029	0.029	0.0284	0.029	0.0289	0.029	0.029	0.029	0.029	0.029	0.029	0.029	0.029	0.029	0.029	0.029	0.029	0.029	0.029	0.029	0.029	0.029	0.029	0.029	0.029	0.029	0.029	0.029	0.029	0.029	0.029	0.0283	0.029	0.029	0.029	0.029	0.029	0.0433	0.029	0.029	0.029	0.029	0
